[gd_resource type="Skin" format=3 uid="uid://kjdebo4p3m3"]

[resource]
resource_name = "Skin"
bind_count = 53
bind/0/name = &"root"
bind/0/bone = -1
bind/0/pose = Transform3D(1, 0, 0, 0, 0, -1, 0, 1, 0, 0, 0, 0)
bind/1/name = &"DEF-hips"
bind/1/bone = -1
bind/1/pose = Transform3D(1, 0, 0, 0, 0.968328, 0.249681, 0, -0.249681, 0.968328, 0, -0.875157, 0.277396)
bind/2/name = &"DEF-spine.001"
bind/2/bone = -1
bind/2/pose = Transform3D(1, 0, 0, 0, 0.992463, 0.122546, 0, -0.122546, 0.992463, 0, -1.04067, 0.144217)
bind/3/name = &"DEF-spine.002"
bind/3/bone = -1
bind/3/pose = Transform3D(1, 0, 0, 0, 0.999493, -0.0318536, 0, 0.0318535, 0.999493, 0, -1.17302, -0.0369834)
bind/4/name = &"DEF-spine.003"
bind/4/bone = -1
bind/4/pose = Transform3D(1, 0, 0, 0, 0.999475, -0.0323905, 0, 0.0323904, 0.999475, 0, -1.31427, -0.0376895)
bind/5/name = &"DEF-neck"
bind/5/bone = -1
bind/5/pose = Transform3D(1, 0, 0, 0, 0.981998, 0.188892, 0, -0.188892, 0.981998, 0, -1.45884, 0.291307)
bind/6/name = &"DEF-head"
bind/6/bone = -1
bind/6/pose = Transform3D(1, 0, 0, 0, 0.999471, 0.032517, 0, -0.032517, 0.999471, 0, -1.56804, 0.0459122)
bind/7/name = &"DEF-shoulder.L"
bind/7/bone = -1
bind/7/pose = Transform3D(0.507313, -5.1632e-05, 0.861762, 0.861762, -0.000609131, -0.507313, 0.000551101, 1, -0.000264536, -0.070992, 0.0209091, -1.45789)
bind/8/name = &"DEF-upper_arm.L"
bind/8/bone = -1
bind/8/pose = Transform3D(-7.29065e-07, -1, -4.08691e-05, 0.999853, -3.02712e-08, -0.0171257, 0.0171257, -4.08949e-05, 0.999853, 1.4408, -0.192992, 0.062163)
bind/9/name = &"DEF-forearm.L"
bind/9/bone = -1
bind/9/pose = Transform3D(2.80891e-09, -1, -1.6291e-07, 0.999851, -1.89031e-09, 0.0172388, -0.0172389, -1.82246e-07, 0.999851, 1.4408, -0.465022, 0.0781284)
bind/10/name = &"DEF-hand.L"
bind/10/bone = -1
bind/10/pose = Transform3D(-9.38951e-14, -1, 6.71544e-07, 1, -1.55722e-09, 1.22935e-07, -1.37836e-07, 6.52203e-07, 1, 1.4408, -0.7389, 0.0653992)
bind/11/name = &"DEF-f_index.01.L"
bind/11/bone = -1
bind/11/pose = Transform3D(5.40084e-10, 7.25932e-06, -1, 1, -1.55732e-09, -1.43611e-08, -8.96222e-14, -1, -7.23998e-06, -0.0345105, -0.8588, 1.4388)
bind/12/name = &"DEF-f_index.02.L"
bind/12/bone = -1
bind/12/pose = Transform3D(-5.48606e-17, 7.23998e-06, -1, 1, -1.55723e-09, -1.49012e-08, 6.38014e-21, -1, -7.22064e-06, -0.0345104, -0.8995, 1.4388)
bind/13/name = &"DEF-f_index.03.L"
bind/13/bone = -1
bind/13/pose = Transform3D(3.26253e-24, 7.23998e-06, -1, 1, -1.55723e-09, -1.49012e-08, -7.84236e-28, -1, -7.22064e-06, -0.0345104, -0.9343, 1.4388)
bind/14/name = &"DEF-f_middle.01.L"
bind/14/bone = -1
bind/14/pose = Transform3D(-0.0472285, 7.25981e-06, -0.998884, 0.998884, -5.14382e-09, -0.0472285, -3.43845e-07, -1, -7.23181e-06, -0.0195032, -0.862383, 1.4412)
bind/15/name = &"DEF-f_middle.02.L"
bind/15/bone = -1
bind/15/pose = Transform3D(-0.0442046, 7.23998e-06, -0.999023, 0.999022, -3.29004e-09, -0.0442046, -3.19164e-07, -1, -7.2131e-06, -0.0222418, -0.904667, 1.4412)
bind/16/name = &"DEF-f_middle.03.L"
bind/16/bone = -1
bind/16/pose = Transform3D(-0.0464616, 7.23998e-06, -0.99892, 0.99892, -3.24519e-09, -0.0464616, -3.3546e-07, -1, -7.21235e-06, -0.0201211, -0.938648, 1.4412)
bind/17/name = &"DEF-f_pinky.01.L"
bind/17/bone = -1
bind/17/pose = Transform3D(-0.0670132, 7.26033e-06, -0.997752, 0.997752, -6.77227e-09, -0.0670132, -4.8547e-07, -1, -7.22364e-06, -0.0492384, -0.851814, 1.4392)
bind/18/name = &"DEF-f_pinky.02.L"
bind/18/bone = -1
bind/18/pose = Transform3D(-0.0686779, 7.23998e-06, -0.997639, 0.997639, -6.43922e-09, -0.0686779, -4.95826e-07, -1, -7.20254e-06, -0.0477498, -0.892185, 1.4392)
bind/19/name = &"DEF-f_pinky.03.L"
bind/19/bone = -1
bind/19/pose = Transform3D(-0.0674617, 7.23998e-06, -0.997722, 0.997722, -6.46418e-09, -0.0674617, -4.87046e-07, -1, -7.20314e-06, -0.0488711, -0.919791, 1.4392)
bind/20/name = &"DEF-f_ring.01.L"
bind/20/bone = -1
bind/20/pose = Transform3D(-0.0356007, 7.25924e-06, -0.999366, 0.999366, -3.89557e-09, -0.0356007, -2.59303e-07, -1, -7.23534e-06, -0.0519128, -0.860393, 1.4409)
bind/21/name = &"DEF-f_ring.02.L"
bind/21/bone = -1
bind/21/pose = Transform3D(-0.0355763, 7.23998e-06, -0.999367, 0.999367, -2.34024e-09, -0.0355763, -2.56887e-07, -1, -7.21616e-06, -0.0519347, -0.899717, 1.4409)
bind/22/name = &"DEF-f_ring.03.L"
bind/22/bone = -1
bind/22/pose = Transform3D(-0.037709, 7.23998e-06, -0.999289, 0.999289, -2.29912e-09, -0.037709, -2.72286e-07, -1, -7.21559e-06, -0.0499485, -0.930745, 1.4409)
bind/23/name = &"DEF-thumb.01.L"
bind/23/bone = -1
bind/23/pose = Transform3D(0.489806, 0.871831, -0.000691578, 0.794797, -0.446201, 0.411342, 0.358312, -0.202028, -0.911481, -1.61157, 0.0368204, -0.0170489)
bind/24/name = &"DEF-thumb.02.L"
bind/24/bone = -1
bind/24/pose = Transform3D(0.489935, 0.871758, -0.000787213, 0.794653, -0.44623, 0.41159, 0.358455, -0.202278, -0.911369, -1.61157, -0.00605027, -0.0168118)
bind/25/name = &"DEF-thumb.03.L"
bind/25/bone = -1
bind/25/pose = Transform3D(0.489026, 0.872269, -0.00108014, 0.795354, -0.445396, 0.411137, 0.358141, -0.201916, -0.911573, -1.61151, -0.056862, -0.0170448)
bind/26/name = &"DEF-shoulder.R"
bind/26/bone = -1
bind/26/pose = Transform3D(0.507313, 5.1632e-05, -0.861762, -0.861762, -0.000609131, -0.507313, -0.000551101, 1, -0.000264536, 0.070992, 0.0209091, -1.45789)
bind/27/name = &"DEF-upper_arm.R"
bind/27/bone = -1
bind/27/pose = Transform3D(-7.31224e-07, 1, 4.09882e-05, -0.999853, -4.84217e-08, -0.0171257, -0.0171258, -4.09875e-05, 0.999853, -1.4408, -0.192992, 0.0621631)
bind/28/name = &"DEF-forearm.R"
bind/28/bone = -1
bind/28/pose = Transform3D(4.86383e-09, 1, 2.82102e-07, -0.999851, -1.89969e-08, 0.0172389, 0.0172389, -2.74166e-07, 0.999851, -1.4408, -0.465022, 0.0781285)
bind/29/name = &"DEF-hand.R"
bind/29/bone = -1
bind/29/pose = Transform3D(-1.08994e-13, 1, -7.90754e-07, -1, -1.91316e-08, 1.52737e-07, 1.37836e-07, 7.98403e-07, 1, -1.4408, -0.7389, 0.065399)
bind/30/name = &"DEF-f_index.01.R"
bind/30/bone = -1
bind/30/pose = Transform3D(5.40098e-10, -7.23233e-06, 1, -1, -1.91317e-08, 1.54413e-08, 1.04657e-13, -1, -7.23998e-06, 0.0345104, -0.8588, 1.4388)
bind/31/name = &"DEF-f_index.02.R"
bind/31/bone = -1
bind/31/pose = Transform3D(7.56912e-19, -7.23998e-06, 1, -1, -1.91316e-08, 1.49012e-08, -1.3558e-20, -1, -7.24763e-06, 0.0345104, -0.8995, 1.4388)
bind/32/name = &"DEF-f_index.03.R"
bind/32/bone = -1
bind/32/pose = Transform3D(-4.6461e-26, -7.23998e-06, 1, -1, -1.91316e-08, 1.49012e-08, 1.61592e-27, -1, -7.24763e-06, 0.0345105, -0.9343, 1.4388)
bind/33/name = &"DEF-f_middle.01.R"
bind/33/bone = -1
bind/33/pose = Transform3D(-0.0472285, -7.23327e-06, 0.998884, -0.998884, -2.02632e-08, -0.0472285, 3.42027e-07, -1, -7.2319e-06, 0.0195031, -0.862383, 1.4412)
bind/34/name = &"DEF-f_middle.02.R"
bind/34/bone = -1
bind/34/pose = Transform3D(-0.0442046, -7.23998e-06, 0.999023, -0.999023, -2.01495e-08, -0.0442046, 3.2034e-07, -1, -7.23967e-06, 0.0222418, -0.904667, 1.4412)
bind/35/name = &"DEF-f_middle.03.R"
bind/35/bone = -1
bind/35/pose = Transform3D(-0.0464616, -7.23998e-06, 0.99892, -0.99892, -2.01647e-08, -0.0464615, 3.36693e-07, -1, -7.23888e-06, 0.0201211, -0.938648, 1.4412)
bind/36/name = &"DEF-f_pinky.01.R"
bind/36/bone = -1
bind/36/pose = Transform3D(-0.0670132, -7.23411e-06, 0.997752, -0.997752, -2.61471e-08, -0.0670132, 4.86012e-07, -1, -7.22368e-06, 0.0492383, -0.851814, 1.4392)
bind/37/name = &"DEF-f_pinky.02.R"
bind/37/bone = -1
bind/37/pose = Transform3D(-0.0686779, -7.23998e-06, 0.997639, -0.997639, -2.53198e-08, -0.0686779, 4.97629e-07, -1, -7.22873e-06, 0.0477498, -0.892185, 1.4392)
bind/38/name = &"DEF-f_pinky.03.R"
bind/38/bone = -1
bind/38/pose = Transform3D(-0.0674617, -7.23998e-06, 0.997722, -0.997722, -2.53128e-08, -0.0674616, 4.88819e-07, -1, -7.22937e-06, 0.0488711, -0.919792, 1.4392)
bind/39/name = &"DEF-f_ring.01.R"
bind/39/bone = -1
bind/39/pose = Transform3D(-0.0356007, -7.2331e-06, 0.999366, -0.999366, -1.86843e-08, -0.0356006, 2.56098e-07, -1, -7.23545e-06, 0.0519128, -0.860393, 1.4409)
bind/40/name = &"DEF-f_ring.02.R"
bind/40/bone = -1
bind/40/pose = Transform3D(-0.0355763, -7.23998e-06, 0.999367, -0.999367, -2.0335e-08, -0.0355763, 2.57816e-07, -1, -7.24227e-06, 0.0519348, -0.899717, 1.4409)
bind/41/name = &"DEF-f_ring.03.R"
bind/41/bone = -1
bind/41/pose = Transform3D(-0.037709, -7.23998e-06, 0.999289, -0.999289, -2.03497e-08, -0.037709, 2.7327e-07, -1, -7.24166e-06, 0.0499485, -0.930745, 1.4409)
bind/42/name = &"DEF-thumb.01.R"
bind/42/bone = -1
bind/42/pose = Transform3D(0.489806, -0.871831, 0.000691667, -0.794797, -0.446201, 0.411342, -0.358312, -0.202028, -0.911481, 1.61157, 0.0368206, -0.0170486)
bind/43/name = &"DEF-thumb.02.R"
bind/43/bone = -1
bind/43/pose = Transform3D(0.489935, -0.871759, 0.000787214, -0.794653, -0.44623, 0.41159, -0.358455, -0.202278, -0.911369, 1.61157, -0.00605037, -0.0168117)
bind/44/name = &"DEF-thumb.03.R"
bind/44/bone = -1
bind/44/pose = Transform3D(0.489026, -0.872269, 0.00107996, -0.795354, -0.445396, 0.411137, -0.358141, -0.201916, -0.911573, 1.61151, -0.0568621, -0.017045)
bind/45/name = &"DEF-thigh.L"
bind/45/bone = -1
bind/45/pose = Transform3D(1, 0, 0, 0, -0.999976, -0.00699443, 0, 0.00699458, -0.999976, -0.089, 0.932087, -0.00511971)
bind/46/name = &"DEF-shin.L"
bind/46/bone = -1
bind/46/pose = Transform3D(1, 2.10272e-05, -0.000261679, 0, -0.996787, -0.0800968, -0.000262522, 0.0800969, -0.996787, -0.0890115, 0.529979, -0.0439677)
bind/47/name = &"DEF-foot.L"
bind/47/bone = -1
bind/47/pose = Transform3D(1, -0.000890556, -0.000528954, 2.91038e-11, -0.510672, 0.859776, -0.0010358, -0.859775, -0.510672, -0.0889265, 0.0837367, 0.0709688)
bind/48/name = &"DEF-toe.L"
bind/48/bone = -1
bind/48/pose = Transform3D(-1, -4.08618e-08, 1.21778e-15, 4.87804e-15, -1.19209e-07, 1, -4.092e-08, 1, -2.98023e-08, 0.089, -0.1132, -0.0152)
bind/49/name = &"DEF-thigh.R"
bind/49/bone = -1
bind/49/pose = Transform3D(1, 0, 0, 0, -0.999976, -0.00699443, 0, 0.00699458, -0.999976, 0.089, 0.932087, -0.00511971)
bind/50/name = &"DEF-shin.R"
bind/50/bone = -1
bind/50/pose = Transform3D(1, 2.10272e-05, -0.000261679, 0, -0.996787, -0.0800968, -0.000262522, 0.0800969, -0.996787, 0.0889885, 0.529979, -0.0440144)
bind/51/name = &"DEF-foot.R"
bind/51/bone = -1
bind/51/pose = Transform3D(1, -0.000890556, -0.000528954, 2.91038e-11, -0.510672, 0.859776, -0.0010358, -0.859775, -0.510672, 0.0890734, 0.0837367, 0.0707845)
bind/52/name = &"DEF-toe.R"
bind/52/bone = -1
bind/52/pose = Transform3D(-1, -4.08618e-08, 1.21778e-15, 4.87804e-15, -1.19209e-07, 1, -4.092e-08, 1, -2.98023e-08, -0.089, -0.1132, -0.0152)
